5025221001 101011
5025221002 110100
5025221003 110001
5025221004 001011
5025221005 010001
5025221006 001100
5025221007 011001
5025221008 110001
5025221009 100110
5025221010 001100
5025221011 110011
5025221012 000101
5025221013 110011
5025221014 100001
5025221015 011001
5025221016 000100
5025221017 110001
5025221018 001010
5025221019 101010
5025221020 000111
5025221021 111000
5025221022 011000
5025221023 000110
5025221024 001111
5025221025 011001
5025221026 100111
5025221027 111000
5025221028 010101
5025221029 101010
5025221030 001101
5025221031 101000
5025221032 011100
5025221033 101001
5025221034 100011
5025221035 110001
5025221036 110001
5025221037 011010
5025221038 011001
5025221039 011000
5025221040 001110
5025221041 010010
5025221042 111111
5025221043 011100
5025221044 011000
5025221045 000101
5025221046 101000
5025221047 101001
5025221048 110000
5025221049 001110
5025221050 001101
END